567,07
611,38
663,63
710,53
550,69
631,24
843,56
1140,9
1335,51
1100,87
895,41
878,86
1039,69
1342,61
905,59
1266,19
1088,42
987,18
995,5
826,13
774,97
1042,82
739,23
790,14
908,27
498,26
449,37
527,72
658,46
1370,81
1160,93
1262,3
899,95
660,06
827,24
1063,67
939,71
1021,57
614,57
546,71
659,34
766,54
827,93
927,11
783,96
893,08
658,65
688,35
744,67
615,03
606,66
921,55
480,54
593,61
782,05
600,86
609,95
831,59
649,21
687,83
658,02
602,77
814,43
652,73
653,2
812,63
1009,42
696,31
602,11
609,04
1291,7
947,3
698,09
1054,36
981,83
862,8
667,87
673,84
887,86
664,04
1015,2
689,75
759,65
1059,46
1369,75
697,15
759,03
834,9
726,91
828,73
626,74
657,63
534,45
1080,78
888,66
1161,1
1227,12
1202,24
663,71
784,25
685,93
659,56
935,07
669,63
753,11
709,67
844,65
927,62
970,44
749,93
768,99
743,27
744,71
768,33
729,41
861,33
834,04
717,7
683,54
1039,24
1057,9
831,2
1195,2
1051,09
1630,34
1242,48
1043,36
1155,92
1044,79
906,77
833,38
723,19
1533,95
969,59
1221,56
860,29
581
798,06
656,43
556,13
569,87
778,03
880,29
871,99
771,93
845,16
620,52
626
753,55
697,61
511,35
738,48
928,75
603,41
599,05
1006,66
737,63
722,25
744,62
774,68
1062,91
805,83
826,1
951,88
916,55
925,64
1049,22
1322,26
1044,18
878,8
727,94
726,54
699,61
734,87
645,79
1092,97
985,98
824,56
600,53
1099,1
945,74
677,56
786,81
968,21
939,14
831,91
1257,25
1358,81
936,73
448,79
752,8
784,47
690,91
887,48
675,52
614,63
667,93
1033,54
780,29
714,3
1055,32
1370,95
998,56
878,61
1107,29
1394,38
896,3
799,5
726,23
610,65
765,15
792,3
479,09
736,56
942,1
898,38
1135,18
950,92
907,93
783,22
753,91
839,8
1023,84
935,75
630,37
674,68
544,64
939,25
704,67
729,87
848,78
980,96
1077,11
1505,04
957,01
673,57
553,52
511,39
709,2
774,16
749,46
669,59
784,29
546,83
462,1
657,79
495,72
875,53
912,22
648,85
558,09
583,06
615,89
678,13
903,19
902,04
983,65
875,56
699,14
666,34
786,71
672,21
758,73
697,38
796,2
793,5
669,23
700,69
694,58
714,75
1017,59
830,65
742,92
605,25
835,66
502,72
707,46
910,22
774,28
712,96
858,23
675,5
765,73
910,32
818,49
872,04
1071,65
668,9
780,73
1364,34
1706,33
840,28
744,52
911,83
1165,45
795,39
691,19
1401,18
1315,36
849,15
694,79
710,04
718,22
653,85
1146,77
998,25
1095,51
895,56
542,62
693,85
1035,46
700,33
726,31
822,85
946,65
461,85
478,12
806,36
867,57
550,15
623,7
821,08
987,81
932,77
703,74
651,92
445,98
581,22
623,39
673,78
975,25
951,19
864,5
831,59
711,52
852,02
632,64
667,97
926,69
1188,04
1100,78
1102,15
885,68
756,23
712,98
870,95
944,75
523,18
673,95
654,98
833,81
556,3
696,64
794,9
670,17
570,07
801,61
812,5
898,15
750,08
841,98
1058,04
663,06
454,6
470,86
738,22
872,99
672,5
908,46
798,42
900,65
1198,05
973,61
1004,89
1022,84
736,59
555,42
692,86
719,96
1152,32
1092,57
1404,83
960,45
1181,07
835,79
1106,42
959,85
619,67
649,29
689,08
608,91
909,34
794,19
1383,94
1341,16
932,17
641,83
547,04
525,17
775,69
713,55
627,41
1704,78
1352,18
1727,05
1078,09
878,54
854,13
1696,84
805,43
1063,34
873,96
643,65
786,16
674,78
761,6
1081,71
1052,44
1027,94
1239,34
1015,77
659,52
1336,4
873,53
1319,31
1210,46
884,99
761,82
703,4
1079,51
879,4
924,91
1003,52
959,36
1156,1
691,67
818,3
944,62
1359,32
1017,05
685,68
726,64
780,46
858,95
900,2
734,74
566,73
775,43
1045,62
1032,83
988,6
819,58
999,81
1216,38
954,1
477,83
565,98
696,4
859,48
719,82
918,97
874,81
857,21
700,61
838,38
553,22
777,08
1254,28
954,48
919,36
889,02
797,83
712,48
582,55
696,53
788,23
928,53
813,1
793,71
584,83
551,56
558,6
573,14
794,5
885,39
664,7
790,27
611,08
796,66
775,41
915,98
643,45
598,29
787,52
726,31
906,78
683,34
658,36
796
757,09
1209,22
782,17
899,52
552,26
726,57
939,11
892,23
713,17
663,6
687,62
662,3
825,96
1089,11
985,74
840,23
1100
597,12
781,81
568,15
758,62
846,63
649,4
736,22
685,1
553,04
590,58
555,48
534,16
715,73
724,13
1037,59
1147,42
884,56
1144,41
787,48
839,98
1001,4
661,09
737,04
840,42
844,18
826,46
559,19
477,13
675,53
904,34
788,69
537,42
678,64
647,27
911,92
1098,55
825,53
874,56
634,89
633,83
757,58
550,99
588,76
666,27
703,37
678,2
594,46
775,84
817,53
649,48
724,66
690,78
708,3
765,79
735,75
685,14
690,62
630,45
642,61
465,71
592,92
777,75
912,53
742,06
789,66
641,91
815,6
788,87
877,65
944,69
1045,13
607,01
684,49
608,95
996,03
658,82
864,76
960,2
646,73
849,81
734,17
638,04
573,91
775,02
821,59
716,51
789,57
755,07
633,47
929,8
861,77
1063,66
846,6
1156,66
701,17
785,47
974,74
814,03
563,96
689,82
842,6
961,64
1070,25
771,08
816,8
1257,19
905,93
772,32
597,55
726,95
681,71
844,93
862,32
533,81
558,76
680,9
623,37
761,4
709,95
692,19
525,92
714,41
1106,24
1035,6
797,71
732,51
737,54
895,52
751,52
819,75
409,51
762,96
785,27
1134,79
995,82
739,34
757,99
1339,38
1600,38
1313,26
1057,67
791,29
1187,71
1154,67
924,83
666,59
770,04
573,17
690,21
774,59
634,84
903,94
715,23
783,03
994,13
964,89
883,18
795,14
1091,29
637,77
773,39
1032,54
1134,44
897,31
663,7
773,15
996,42
899,65
1105,64
924,12
760,03
928,39
1204,62
1268,3
1261,84
776,42
628,04
1004,12
1052,42
1483,19
774,57
932,62
710,03
615,58
713,96
787,13
1231,22
1343,73
1366,88
1000,54
1210,88
1390,5
1349,51
1074,89
1396,42
1205,35
1476,24
1035,12
1101,47
944,32
687,59
638,08
657,04
756,05
640,45
856,55
563,98
861,89
732,24
632,31
715,55
771,16
621,75
1051,58
893,86
892,86
911,77
1051,99
1028,93
1152,88
725,53
508,41
836,18
992,28
963,06
1003,45
878,48
1070,38
739,55
748,85
950,53
716,19
702,05
939,93
1130,07
1000,1
952,87
890,74
685,21
827,97
459,76
644,71
711,46
869,69
1421,27
1105,37
1640,37
1226,42
704,79
595,47
649,67
657,05
510,78
776,46
623,79
962,47
865,15
709,35
653,7
748,79
1110,18
1120,18
944,15
853,94
1002,1
1290,36
1274,32
989,04
697,88
818,83
825,35
672,25
559,98
1149,35
1092,16
803,9
622,64
631,43
752,41
781,1
978,87
752,95
951,4
1057,73
1239,89
1023,24
1049,88
584,45
605,2
759,83
1055,12
619,14
718,46
493,57
1060,58
760,41
793,89
626,63
541,42
731,62
771,02
680,02
848,85
827,92
977,03
847,57
643,58
910,62
985,93
1121,28
1321,51
950,89
945,77
697,62
1047,63
867,84
1272,88
872,81
683,04
697,36
624,04
888,86
1151,8
730,08
514,58
737,4
967,16
861,04
1174,28
930,17
905,31
1493,29
1319,89
744,98
847,67
1247,75
1011,6
707,86
925,74
902,72
1172,36
857,81
1248,68
1009,81
984,21
1179,94
922,46
777,49
600,7
601,04
651,61
1498,52
823,46
745,84
828,97
948,71
909,68
869,51
864,19
728,37
669,2
1049,55
822,22
880,2
815,22
887,85
1179,25
1152,92
1053,28
675,13
686,58
1016,16
752,38
565
750,83
1044,09
1078,67
1160,67
921,57
657
677,93
712,33
921,25
745,54
793,33
679,55
779,13
701,13
966,49
768,01
1201,66
720,62
924,39
758,56
884,05
952,84
951,62
873,38
1062,2
826,41
747,71
786,85
1023,21
1167,66
990,84
795,2
802,37
1076,01
986,05
728,43
564,03
437,32
553,21
1093,6
828,47
666,66
649,71
838,23
739,29
847,42
683,99
727,77
563,12
758,61
784,56
603,08
950,23
995,06
890,7
1647,79
1119,69
1119,82
1047,73
809,38
831,54
797,19
941,22
1164,56
1165,04
1006,55
730,83
983,73
811,58
774,91
871,75
742,19
890,43
846,57
741,59
1121,03
863,76
881,22
727,24
637,94
671,68
759,59
907,21
622,06
493,93
431,04
551,17
817,07
851,74
661,06
595,33
676,1
954,28
705,57
592
814,3
478,28
565,3
555,13
527,35
1357,18
987,13
1229,59
1083,68
1236
1274,53
1235,42
1156,97
1142,98
972,78
795,58
558,69
511,42
665,75
489,15
469,79
507,68
575,13
573,98
732,51
659,34
642,52
903,74
1034,7
767,97
967,6
741,6
884,21
1146,58
1032,78
1410,84
920,6
697,65
839,39
536,57
815,12
528,01
643,86
670,01
547,11
731,66
705,09
749,84
776,64
780,37
628,54
824,17
809,59
884,47
773,44
646,59
586,87
808,75
1368,46
1654,21
1329,51
1335,78
1201,58
788,85
820,42
1042,93
840,28
701,85
553,54
578,94
804,51
758,18
1062,06
1099,98
606,36
915,73
949,42
641,87
670,9
669,56
688,77
898,25
909,63
684,11
1013,91
669,32
1021,43
1085,32
923,93
846,62
502,46
560,54
709,09
858,3
986,63
919,72
731,88
626,19
1233,6
798,47
911,58
1566,43
825,75
583,42
762,93
903,07
1026,23
968,33
743,81
1348,1
1379,58
766,99
733,57
865,36
772,75
825,6
528,27
735,79
803,52
734,95
704,73
965,69
1608,14
1031,52
1369,49
1042,62
924,38
933,44
622,02
521,53
702,92
921,05
698,94
696,23
852,64
842,69
735,73
845,11
1214,07
789,59
700,23
613,77
833,69
1017,39
890,8
974,93
1214,63
822,65
588,66
594,55
683,54
727,36
594,06
672,4
852,59
703
822,89
868,68
560,6
836,88
1303,18
1152,34
953,63
717,59
753,52
542,15
681,18
769,65
827,27
1414,73
1057,63
799,47
842,86
779,9
675,2
703,04
514,91
704,15
644,6
614,01
1130,11
772,86
769,2
978,8
978,53
782,08
1064,05
1062,13
1044,71
906,6
1003,34
910,45
920,83
1077,86
1289,2
1163,76
888,48
739,7
730,16
875,54
1094,96
1054,55
901,44
1049,43
819,35
745,48
895,68
691,78
698,49
1022,39
1178,31
661,44
778,01
1010,22
836,35
720,87
972,74
1108,14
856,37
797,3
677,11
558,49
922,21
1198,84
1482,17
942,3
1290,95
1336,85
1050,95
1459,18
764,15
802,02
704,12
641,92
524,44
675,34
779,04
939,33
987,02
817,28
1059,75
945,81
1410,63
1184,92
1227,9
959,7
1087,87
1480,57
1173,81
873,77
820,71
576,78
968,43
1064,13
927,54
915,94
876,71
1244,46
1358,02
808,89
1001,79
1135,78
869,96
824,42
960,21
763,73
895,22
926,53
712,57
580,11
836,45
505,96
531,4
838,85
1104,65
1147,83
1235,76
1553,97
941,71
787,97
957
1027,18
899,89
972,8
999,29
769,79
806
723,56
502,28
696,49
566,07
685,94
1122,84
1129,2
967,27
1006,68
526,4
652,15
649,05
1004,09
798,8
923,8
1024,37
1446,14
1421,01
782,47
626,32
804,15
669,19
762,19
842,03
723,01
663,16
524,72
789,82
475,33
867,63
923,46
617,42
741,9
851,44
847,39
602,83
914,43
964,65
776,01
723,89
869,51
656,72
705,42
809,4
877,33
533,08
568,49
724,17
1124,88
1014,48
881,16
1033,84
1312,46
842,25
837,15
827,95
1034,59
907,4
842,66
971,74
1031,24
758,03
491,83
411,34
355,39
386,77
614,59
510,65
746,51
795,11
956,75
714,89
969,92
1300
968,56
973,26
716,5
853,48
553,46
714,11
767,77
603,34
715,1
988,75
883,33
773,11
591,87
661,99
717,67
709,09
559,65
664,36
686,7
922,76
882,77
804,98
674,96
734,64
794,32
602,08
673,09
600,6
721,6
781,81
679,21
856,91
924,06
1159,59
1282,66
1236,82
992,84
725
962,29
851,1
674,35
463,38
395,55
689,6
623,19
1211,75
651,18
671,72
1108,31
1273,25
1036,94
822,84
810,39
661,27
1161,75
959,85
834,76
842,78
1207,58
831,49
909,02
856,19
912,65
1020,93
1092,62
588,38
746,73
902,56
729,42
653,24
694,76
812,84
831,95
663,59
891,15
677,76
699,66
737,16
921,8
940,13
923,21
790,74
682,82
750,89
842,29
880,08
934,72
1306,21
786,54
894,15
991,13
1125,51
867,17
609,69
621,26
544,21
520,74
501,22
632,13
845,36
739,5
1156,49
681,63
495,18
639,56
525,86
779,8
716,97
592,09
612,16
628,95
748,41
630,33
785,64
841,13
1075,09
1134,96
836,3
770,61
655,98
780,96
901,03
546,39
609,05
737,49
758
1165,49
817,13
923,57
840,98
1154,72
1301,39
1280,92
1385,06
960,85
964,04
1124,54
1032,34
725,5
951,75
677,14
673,52
646,73
907,71
925,65
730,6
635,94
470,29
788,64
1203,74
794,81
580,3
991,68
688,8
811,86
944,87
820,9
1169,69
1542,79
1298,35
1116,37
810,49
1015,47
652,89
731,14
622,69
660,82
659,59
648,05
565,7
505,6
545,92
464,96
460,7
1099,1
759,92
887,58
1131,78
889,15
712,89
554,22
640,07
807,92
937,1
866,02
838,51
628,5
697,37
749
881,36
793,83
1559,65
1142,83
795,66
755,94
983,3
1359,69
1480,85
963,82
1139,21
970,53
640,29
870,71
762,86
728,47
719,52
599,77
826,39
749,36
794,81
1113,58
1391,95
847,71
972,16
777,84
1047,1
813,08
733,68
774,68
651,86
492,99
671,58
606,32
534,91
609,61
764,41
714,24
910,91
523,7
743,21
702,64
878,95
977,54
922,17
853,04
728,45
1215,68
581,81
817,74
665,01
757,75
712,45
487,22
673,45
833,26
588,89
585,07
721,33
902,81
640,92
735,42
789,57
944,81
892,39
674,99
710,78
653,29
805,92
903,99
862,04
677,7
669,49
808
618,97
635,68
669,51
726,34
710,24
731,17
688,82
628,33
677,48
589,2
585,98
645,35
962,33
1061
1005,49
1017,96
1090,17
1390,52
1147,95
1450,68
861,17
652,24
1174,9
618,96
592,2
687,71
709,28
753,88
714,15
904,14
662,7
500,27
565,91
711,78
696,56
847,67
875,29
785,88
720,82
753,48
948,12
1282,89
1120,48
823
540,73
715,64
587,47
841,05
781,24
727,18
804,89
741,35
949,57
777,4
837,5
1063,09
878,69
1332,58
1304,33
1069,65
805,75
713,36
679,69
907,78
926,06
981,06
727,51
676,64
615,41
685,85
1074,23
753,15
975,72
846,62
925,88
626,77
698,08
603,88
927,72
635,53
567,61
656,34
902,28
984,96
780,64
900,59
776,07
1460,04
971,41
682,11
644,18
758,32
690,37
879,67
963,62
1006,99
875,1
523,39
471,95
786,72
711,61
642,04
666,21
722,57
863,9
662,69
1009,01
1051,14
1220,7
1156,57
695,84
664,46
813,77
958,28
970,95
1032,35
1370,99
634,33
613,65
764,11
894,62
1035,82
799
1844,95
1045,07
1478,06
999,52
1120,73
1215,67
771,75
973,71
1087,06
945,14
951,89
1218,81
754,81
526,72
819,55
585,18
630,81
692,75
935,47
801,74
633,84
838,73
734,85
772,82
837,45
744,71
768,07
742,53
1347,78
1229,27
983,49
798,44
1177,66
998,79
802,3
684,06
693
757,92
1133,33
532,85
660,05
591,57
736,54
811,26
1099,17
738,22
779,66
619,7
1133,33
852,6
958,46
1020,67
944,31
902,36
1043,71
910,25
956,64
1048,89
892,85
920,26
654,08
881,92
819,74
1181,06
706,44
767,3
950,72
987,31
956,64
771,89
764,77
781,52
750,33
890,8
778,2
758,53
950,66
928,31
719,25
796,67
1105,41
1060,09
849,94
752,11
804,8
549,18
700,51
677,43
736,94
887,41
630,01
685,04
1081,71
1519,81
905
910,2
788,44
532,24
681,6
1016,56
688,66
861,65
613,73
662,09
653,89
919,36
783,67
1077,68
943,56
1025,94
1465,16
1147,95
1051,64
1115,79
860,3
934,58
847,8
601,95
599,04
741,46
615,58
619,96
566,3
487,99
529,92
625,01
671,52
606,8
534,45
763,45
718,39
623
860,66
891,74
777,1
852,43
840,22
823,83
1044,58
1049,17
656,97
758,62
725,17
747,96
725,63
1050,01
749,24
829,66
760,19
950,77
796,33
720,74
847,66
937,31
768
1248,06
1042,73
1279,79
1384,51
1162,54
798,15
655,95
719,27
646,93
521,92
629,64
711,22
753,65
908,44
884,18
1011,66
1071,73
977,62
1669,24
1203,48
898,28
1027,17
896,19
656,83
626,41
853,47
781,3
803,14
810,43
791,04
502,5
756,45
888,85
956,83
623,25
557,39
696,58
562,25
707,38
846,34
949,93
1025,7
1026,41
660,56
560,31
719,81
1134,39
815,93
622,77
562,85
542,64
656,35
996,85
660,07
756,4
872,29
984,84
1008,17
901,51
726,66
1015,1
983,4
747,2
770,75
773,43
704,11
891,37
710,3
774,96
810,71
868,19
1025,9
781,28
440,68
514,18
663,09
717,35
727,52
776,93
741,37
662,13
680,67
746,97
982,3
877,65
671,7
559,69
748,57
791,46
845,61
610,53
1112,4
920,86
754,09
1094,51
1632,91
995,54
825,91
628,61
804,71
768,37
549,14
707,97
969,34
875,92
1039,56
1026,54
998,98
895,51
949,27
947,58
793,17
729,69
725,38
702,95
851,28
961,26
1215,33
1190,07
1086
924,97
878,03
1005,97
1067,03
824,83
1090,69
1256,6
764,42
817,33
924,44
831,93
1156,7
660,82
581,28
850,55
1410,51
1138,07
1051,92
766,34
1582,59
1106,8
876,96
1040,07
839,45
830,33
838,96
977,47
1065,57
708,39
686,7
791,79
814,79
822,39
1015,47
1044,12
841,96
644,24
832,46
699,45
819,6
929
752,62
577,42
784,55
693,84
1085,22
1240,05
831,88
716,43
636,67
674,64
492,21
719,51
662,68
724,35
1174,84
708,57
925,54
835,25
558,23
551,53
578,79
788,62
1152,96
1259
1043,72
798
882,69
813,45
867,98
840,5
721,44
751,04
1140,64
654,22
878,23
997,25
719,59
761,69
583,85
532,67
801,32
792,04
652,32
1204,36
883,8
821,98
753,51
1030,41
899,06
661,89
700,36
839,55
813,79
800,68
809,77
815,31
820,92
773,21
818,06
658,45
679,39
615,25
683,83
479,79
683,15
930,26
849,42
806,34
822,57
1013,43
715,37
879,41
835,47
717,64
867,03
887,19
781,81
1055,17
1005,63
1095,99
1253,84
732,79
769,32
1022,68
859,04
495,55
878,98
753,01
905,06
648,23
617,06
787,28
853,03
767,31
648,27
745,42
620,81
625,69
663,03
988,74
934,02
802,88
1085,81
1252,9
1608,89
1306,09
1133,25
820,34
913,27
1035,31
641,87
614,7
578,76
758,44
564,31
656,21
1045,3
441,16
761,48
636,61
383,64
599,83
822,46
956,12
871,8
1156,68
1006,29
906,25
665,46
1042,26
783,05
742,1
801,89
773,19
726,5
548,47
560,13
736,43
970,41
403,67
712,65
573,82
1049,4
900,39
776,88
877,8
898,53
1524,89
717,91
1032,84
1218,39
1379,44
1103,59
1222,75
1327,71
1046,6
936,47
613,74
758,41
805,12
1085,93
876
1079,08
844,84
740,85
593,53
827,88
821,44
1132,03
1400,16
1084,74
1082,25
758,05
868,59
1175,54
1013,74
846,49
654,13
683,31
1101,64
876,13
910,06
733,43
643,02
1059,66
930,57
786,16
823,3
1095,56
1159,04
885,62
681,74
866,75
814,38
889,37
861,17
886,43
661,44
834,46
732,23
788,17
858,15
1077,92
924,05
956,38
655,43
825,27
783,66
913,26
939,89
795,69
910,45
896,08
616,82
599,7
818,95
877,22
883,48
1360,85
951,94
702,86
712,98
987,44
751,77
826,31
678,81
551,97
753,98
827,04
721,46
704,55
899,22
1052,89
614,07
443,78
508,76
610,7
999,95
704,56
770,57
923,22
928,7
1041,43
975,56
665,51
1003,38
945,03
611,87
656,42
905,17
858,77
849,44
998,62
1517,86
1119,57
1380,31
906,55
752,98
573,77
601,91
514,16
1102,08
727,88
816,42
843,58
783,7
686,14
836,39
742,13
701,56
597,73
612,27
656,54
516,81
744,12
966,74
825,58
785,51
858,74
1098,4
1074,08
968,79
927,12
993,47
753,03
819,49
610,03
792,86
542,63
635,87
1069,66
724,25
1007,66
728,32
846,1
845,32
1063,97
1156,52
1203,72
882,08
950,45
769,67
1013,73
1115,07
948,7
842,68
828,78
933,35
1269,41
1309,27
918,84
989,34
656,42
691,03
795,41
837,05
652,18
1104,31
780,6
993,54
1259,37
813,94
864,16
821,24
966,53
713,95
620,65
708,66
498,09
495,64
842,28
764,89
851,72
726,79
817,2
1004,16
904,46
713,3
884,77
1510,26
1188,02
1304,47
1110,53
988,68
954,64
758,78
946,19
890,95
532,48
754,27
1034,39
759,15
1008,17
544,49
842,92
607,05
938,44
560,36
842,83
700,23
752,44
944,18
802,47
821,27
549,6
645,96
900,05
767,43
490,63
755,59
713,77
856,11
738,31
987,89
957,78
704,39
883,11
656,73
715,5
1024,74
1309,23
926,5
1208,67
1181,38
973,78
735,31
572,21
751,04
937,51
786,32
743,46
909,55
1299,37
1016,08
1006,68
779,3
744,69
734,33
821,57
1163,74
886,94
977,31
1084,57
845,28
969,62
1226,17
915,04
1044,22
1194,33
1239,22
906,66
530,07
526,7
541,86
666,59
905,18
747,51
970,69
873,4
611,21
651,03
722,3
647,31
534,46
501,26
526,44
863,71
940,12
750,3
630,36
651,78
888,83
956,89
684,73
993,85
741,4
653,35
999,81
651,58
827,44
803,2
741,29
763,83
681,36
660,54
755,83
535,25
577,18
675,82
521,47
519,58
554,81
567,92
547,73
757,69
698,72
1191,63
930,04
814
688,12
614,48
658,31
860,67
823,93
1190,53
828,99
706,24
731,44
764,33
868,17
748,18
612,92
760,76
1087,53
770,83
976,47
989,5
904,53
1022,56
1179,43
861,17
891,3
959,05
1104,15
692,85
832,13
900,14
869,41
833,43
720,32
780,03
910,43
1145,48
929,57
989,31
691
595,4
645,43
705,85
822,78
825,61
655,29
802,84
760,59
854,56
943,93
1024,46
888,94
1132,91
1521,07
1341,25
954,5
859,61
1016,41
696,76
987,57
744,58
953,56
1470,65
1433,64
1540,62
840,87
648,2
948,64
618,14
601,51
819,26
720,42
831,67
753,65
662,63
742,85
599,31
647,68
697,43
707,61
548,22
857,41
638,45
510,18
767,28
896,97
668,66
696,4
812,53
1272,95
1262,88
739,66
701,91
940,27
1060,81
1078,03
1174,74
916,3
607,98
742,17
974,35
821,06
1083,14
898,21
809,8
868,16
921,44
605,77
561,88
737,99
604,01
668,4
731,06
641,43
743,34
969,06
987,4
859,16
781,51
529,54
938,09
583,61
746,79
928,85
549,87
611,16
663,12
816,61
618,76
700,38
922,76
1107,52
1168,6
1022,25
1132,26
1120,17
905,15
701,35
966,6
818,21
837,82
589,21
570,52
954,57
663,78
840,99
833,16
850,33
637,2
716,98
636,9
955,97
887,85
809,34
565,86
732,15
694,07
600,53
594,3
754,22
557,95
955,3
919,99
1283,87
879,85
860,3
1061,76
732,54
783,25
701,99
1228,1
848,99
726,97
480,4
513,18
776,59
700,83
924,41
697,98
903,81
679,59
588,22
638,86
1005,25
1027,43
1100,17
805,33
734,86
653,84
504,15
789,17
948,27
848,3
686,51
874,39
615,87
631,17
822,76
965,25
1011,43
1185,28
794,73
661,07
686,04
626,74
561,76
848,38
837,14
1011,39
631,37
986,89
716,77
844,88
1012,35
745,53
973,73
1082,52
796,93
1064,31
1581,34
1356,86
685,74
712,36
1241,42
1204,66
654,51
744,54
891,98
717,19
655,01
831,84
810,36
829,5
799,84
1550,14
875,28
861,16
1116,54
545,65
874,13
983,49
855,95
752,86
764,61
749,93
468,67
664,95
893,19
753,47
692,38
793,89
1033,53
1113,93
755,47
814,44
454,37
384,45
814,34
604,41
488,31
1251,41
1063,8
804,48
859,17
965,72
845,18
882,43
1093,28
921,76
1292,67
1119,23
1087,66
1058,24
1275,42
950,43
946
995,8
676,53
631,83
818,29
900,51
710,57
727,19
1152,29
672,06
483,98
728,23
935,97
1395,2
640,25
911,74
1087,22
986,75
645,22
515,22
748,19
686,17
871,43
860,17
936,08
1023,46
1153,29
1304,61
1130,43
1009,36
650,98
517,48
938,62
1028,61
1242,85
1444,01
1199,06
1124,36
842,89
684,96
784,53
1030,41
645,87
968,59
633,45
881,88
934,56
929,64
1258,97
1405,57
985,81
1020,15
729,08
978,71
684,28
973,11
940,78
1428,56
1100,8
1623,73
1106,59
1328,36
1116,88
1247,65
1142,33
1463,07
1246,77
766,46
732,88
735,79
712,5
930,22
808,43
750,93
751,47
520,7
620,16
898,17
1028,49
1779,68
1226,01
846,24
725,73
621,88
1099,51
1010,78
936,4
1164,3
1408,72
1066,46
917,36
1929,7
1097,86
1186,35
903,54
950,62
1273,34
746,16
778,58
594,61
611,46
544,43
1017,9
1090,74
817,18
1172,98
713,62
777,4
1272,23
745,36
492,21
941,14
957,16
1151,49
576,91
1118,21
972,87
855,25
956,84
885,86
1003,29
976,47
1311,14
1029,61
1435,47
1066,13
1177,7
1125,92
625,5
847,76
838,35
931,35
541,16
482,87
570,14
785,47
640,24
483,54
683,78
905,97
927,63
666,26
705,97
824,09
1055,08
968,17
741,68
894,71
1219,35
763,17
810,93
711,03
778,91
875,93
660,39
920,21
933,53
854,27
591,09
834,83
1011,14
578,37
819,84
740,23
682,71
789,65
693,36
781,99
928,78
831,44
663,62
555,58
651,36
682,04
1190,01
929,85
791,69
1101,67
569,09
854,44
809,54
770,87
830,1
1009,64
770,38
834,32
1312,34
855,11
775,3
651,86
814,98
1135,83
785,67
624,57
736,35
696,09
697,62
693,72
531,59
875,1
693,07
910,8
571,15
449,88
463,92
682,13
894,28
577,91
532,87
540,01
748,47
539,36
606,83
921,04
995,42
1156,13
774,29
558,23
718,68
662,01
781,7
759,59
891,08
784,6
891,57
607,99
674,85
745,85
861,67
839,69
793,79
771,16
881,41
960,67
903,6
886,28
1103,62
917,76
794,03
862,85
779,51
993,32
662,97
1046,34
964,21
687,33
640,46
930,63
607,94
569,76
468,83
635,12
549,34
593,09
492,53
490,07
465,56
629,15
942,12
859,55
864,13
1034,05
1050,09
766,21
659,89
703,04
739,57
898,69
888,71
895
923,16
816,26
956,46
905,48
1035,76
865,96
1005,56
804,4
835,05
721,12
647,15
981,96
867,43
659,78
479,34
689,69
665,85
566,39
768,27
712,9
660,22
452,7
686,27
735,52
873,32
885,79
786,41
691,26
753,75
680,66
782,91
508,65
867,86
974,01
1460,68
1258,74
1045,45
889,83
893,53
1138,57
1027,54
632,47
604,74
753,81
1026,07
799,15
855,21
841,43
501,75
583,87
606,89
893,77
955,06
793,46
871,71
965,86
731,55
941,98
991,11
878,03
1017,14
1239,54
1108,8
1077,64
1323,77
660,2
709,69
727,54
783,48
1357,22
1108,79
815,79
1375,39
1139,24
968,79
780,31
709,73
737,26
860,49
836,41
903,35
641,46
591,2
481,15
513,45
656,6
1049,55
964,32
1547,31
967,95
1049,57
901,66
1027,51
878,65
876,24
864,57
746,07
756,94
690,98
771,47
742,03
1084,48
824,71
645,67
628,21
850,82
724,78
709,54
611,18
690,18
623,34
733,37
775,87
682,21
961,06
638,08
873,43
1314,52
869,31
1216,71
856,96
637,65
411,6
703,46
579,48
833,49
809,71
646,47
972,5
749,7
760,23
938,94
715,61
871,6
1001,37
1104,92
1440,05
686,5
710,18
723,5
669,25
506,64
861,52
905,74
635,81
1208,62
806,24
957,55
1008,53
798,52
773,73
836,77
789,89
685,51
776,13
838,04
1030,95
699,46
836,78
735,21
929,56
831,25
1021,47
616,87
652,43
868,74
920,3
953,98
698,19
845,56
793,12
696,3
840,73
666,32
897,29
998,58
1144,05
630,9
641,47
818,6
1074,65
880,47
1159,28
1062,98
1094,57
1281,86
767,3
730,67
572,83
695,79
1000,95
1015,25
558,57
807,39
601,98
1169,72
781,52
1052,71
811,55
587,17
534
715,5
1039,8
1027,79
935,7
839,89
707,34
757,02
886,49
695,16
896,08
932,49
795,58
900,57
955,1
823,26
1158,53
982,25
816,78
855,94
914,58
639,99
795,45
879,78
842,73
548,74
1294,45
1090,72
825,22
1083,61
956,64
960,23
1027,11
1519,06
748,22
1293,29
833,56
670,11
631,18
821,82
1101,41
1411,79
739,5
1124,19
811,87
1025,6
1247
801,9
864,57
549,04
603,96
682,81
719,35
674,74
913,25
746,96
934,08
882,27
1328,88
1091,57
758,36
983,87
1319,36
875,13
1138,17
760,69
766,28
995,52
845,98
786,04
629,73
820,06
644,63
519,82
994,69
900,06
1136,72
1063,13
929,7
990,41
660,75
820,25
676,67
682,06
965,73
1018,55
1073,71
708,6
1051,95
964,65
839,22
1093,38
952,46
909,37
952,78
1320,27
870,45
975,66
1278
851,34
886,44
987,24
1120,2
1185,78
1353,57
1064,53
841,96
1145,68
1086,96
1144,62
1063,98
722,6
615,62
584,4
787,73
991,38
959,55
950,97
887,92
736,99
711,24
585,62
746,02
524,55
744,09
613,12
853,94
1454,19
919,24
721,33
967,31
937,29
1098,52
811,42
1043,62
979,85
957,14
1166,71
1114,19
1196,96
887,33
863,3
1080,44
1070,55
895,95
771,69
1055,56
779,26
844,04
841,2
1017,94
732,65
1023,06
696,74
632,56
680,41
684,04
1092,95
589,25
462,85
589,21
566,86
643,76
531,69
730,56
664,58
683,74
1006,23
617,54
652,35
896,86
583,48
738,11
1082,52
711,42
1195,94
985,26
983,52
1379,91
1230,91
1275,52
1581,81
980
837,41
865,57
672,16
665,16
617,74
662,65
447,83
560,93
516,89
484,86
533,45
541,63
621,46
751,33
1005,82
698,85
897,51
1098,9
577,44
911,88
775,45
931,65
965,94
669,06
786,96
952,42
640,45
1104,97
559,39
660,81
872,76
706,06
1055,11
763,49
712,02
713,53
810,1
698,4
872,22
858,44
890
839,12
777,6
713,48
857,07
1905,76
1741,58
1501,84
1186,18
1168,76
846,27
640,19
858,83
718,82
457,73
547,26
474,5
864,81
966,81
696,11
692,55
829,28
1117,1
1034,61
769,61
986,19
960,09
1051,68
756,54
670,49
897,92
864,96
910,48
1020,95
1211,84
987,56
781,56
622,34
774,31
1216,45
935,81
673,74
805,63
754,81
704,31
1004,82
800,49
930,72
1256,43
691,46
814,96
821,28
1063,88
1642,74
1143,46
971,52
1349,32
1283,35
663,12
528,12
840,4
620,36
582,68
494,04
836,46
709,96
697,87
463,43
890,62
1472,44
965,75
966,25
910,65
898,64
695,78
638,81
494,27
720,65
980,95
871,86
794,63
894,35
1102,18
1043,36
752,37
717,67
927,86
699,61
947,17
958,84
904,65
916,9
1319,72
1388,17
878,76
528,99
718,21
679,41
736,2
888,04
707
885,44
943,64
1442,62
952,83
593,8
569,13
1115,97
1055,19
811,42
1018,47
914,66
727,31
936,09
1092,87
1287,83
1460,64
1211,91
673,69
666,99
674,76
694,16
815,97
834,59
885,55
805,45
798,86
973,54
612,9
893,3
975,87
1293,38
961,9
1043,51
1056,36
651,07
659,34
911,36
644,13
784,44
1257,08
1433,24
945,67
699,75
597,62
554,12
640,46
910,3
735,26
694,39
643,05
1442,38
813,41
709,65
590,77
667,24
932,59
868,4
663,45
723,2
1031,9
754,98
720,29
691,52
1003,66
844,07
864,35
732,06
778,11
815,45
1097,59
1205,23
959,81
914,4
1291,87
1524,41
1553,62
696,36
858,02
774,73
653,2
561,4
724,58
969,64
1168,15
829,94
786,26
1019,53
934,45
1537,96
1498,15
1324,44
1103,43
998,21
1003,13
881,76
675,81
705,13
555,09
651,08
877,77
1056,01
759,57
893,79
728,5
1056,92
630,64
685,27
1329,21
999,38
816,67
1151,78
872,87
1002,65
953,38
872,45
859,18
740,6
705,43
793,03
737,49
684,5
652,38
798,71
1104,27
746,91
897,42
883,68
844,48
1025,85
1456,16
1001,87
631,92
746,91
972,02
606,1
898,4
816,44
1048,1
957
943,69
768,13
808,56
463,3
487,42
620,77
739,8
665,16
862,98
1054,89
1004,01
955,94
719,21
635,53
550,85
700,69
777,73
987,67
709,41
675,42
939,77
909,99
608,43
880,23
1081,27
718,05
672,22
1060,8
1145,35
879,62
1002,53
1158,4
695,71
695,6
784,88
718,61
808,86
740,74
1031,06
571,02
692,92
686,16
1064,45
1000,96
1366,61
1364,01
925,03
804,39
495,97
643,88
757,89
1321,02
817,06
885,32
998,82
539,53
573,27
607,6
459,26
391,01
661,57
675,74
701,88
1113,04
1052,24
879,95
1033,88
1628,93
1116,64
622,51
449,38
717,55
762,87
930,68
774,37
757,93
1073,27
1223,37
1276,89
713,49
782,2
758,99
795,46
781,08
640,01
591,63
983,7
691,74
864,58
586,49
539,43
909,94
890,85
810,14
885,25
634,12
841,77
779,7
736,4
962,69
934,26
1041,31
1379,72
1093,35
844,61
883,52
884,91
803,48
656,75
472,08
467,66
873,17
857,9
911,72
825,82
472,42
1570,86
889,83
898,21
847,66
735,12
676,09
644,99
868,39
692,76
856,9
945,57
713,28
1266,68
910,25
930,95
1171,77
659,76
556,78
864,59
475,8
759,99
626,09
736,32
686,25
892,49
738,88
1085,02
855,61
757,14
646,8
1267,75
1054,53
1014,2
641,43
673,75
911,76
898,8
1323,19
904,47
1422,24
690,8
682,58
714,48
711,24
728,55
788,04
687,26
584,54
518,59
875,66
837,6
1089,03
895,32
838,2
583,11
576,92
660,52
775,67
911,71
1128,75
990
790,03
870,83
783,33
856,33
938,55
849,25
905,59
1327,71
1130,15
967,41
743,37
773,04
761,51
698,43
736,15
795,01
796,63
957,54
798,08
970,57
945,25
1348,72
1027,51
1250,72
1151,2
698,65
880,22
1035,89
740,52
680,75
803,03
817,52
661,54
625,22
1216,97
851,23
564,67
607,88
736,28
642,98
1012,76
970,61
851,36
1081,86
704,75
816,3
766,16
979,77
1028,82
1218,29
1084,62
1003,63
841,02
645,98
776,61
651,29
678,19
679,31
536,31
663,85
542,26
567,52
449,2
573,04
438,07
938,25
708,18
786,86
1024,33
786,9
615,54
696,19
966,07
925,66
814,16
868,19
1049,01
991,64
770,15
916,85
1284,92
926,72
967,03
1004,83
678,72
723
772,4
784,45
690,12
862,71
739,41
968,55
1068,16
1111,12
798,95
595,27
750,36
680,5
945,05
1090,02
1106,94
1337,39
1130,47
805,05
1194,99
856,58
1169,27
941,91
829,65
639,64
437,78
489,83
672,99
590,93
850,45
614,8
714,17
1152,99
955,82
732,7
816
786,93
1066,24
1115,22
845,95
921,24
852,63
830,06
705,73
652,59
623,51
740,47
504,22
562,62
650,49
802,65
663,86
726,53
860,16
802,77
518,19
625,14
766,46
1157,5
759,94
533,15
721,18
428,84
652,56
790,75
740,61
700,76
644,98
683,32
565,67
932,41
985,23
806,64
1001,3
1018,84
983,83
790,83
975,49
661,47
486,51
613,17
897,23
844,47
759,87
1219,63
853,16
756,51
765,29
992,78
701,71
826,07
1087,24
630,32
654,6
887,98
609,1
806,38
814,7
845,98
651,44
797,62
783,42
696,96
911,65
672,7
720,62
1011,21
680,27
864,72
1150,97
1058,3
1098,32
1005,06
704,32
586,56
448,58
543,58
755,18
728,45
775,8
813,65
768,41
640,37
700,1
930,51
688,87
878,54
896,29
817,83
677,04
954,57
785,54
656,06
762,82
938,1
681,1
600,15
814,2
787,89
1068,06
711,01
1020,31
882,13
1141,19
629,99
578,56
597,11
909,56
894,26
704,72
670,03
863,52
855,61
1248,44
948,19
894,54
764,33
872,59
670,35
605,02
437,27
615,89
769,37
691,93
1008,08
976,31
618,87
653,67
829,21
671,51
643,13
707,9
728,5
864,64
742,7
843
910,37
990,72
767,77
681,75
754,41
736,52
871,9
1101,24
1099,51
1105,22
1010,05
755,89
808,25
809,01
1057,32
883,54
1210,47
1009,67
789,88
970,23
980,03
941,13
858,13
975,59
996,5
619,38
877,28
896,02
680,65
593,68
643,73
588,29
843,43
796,51
869,29
724,77
588,05
889,11
883,53
875,78
954,65
1122,28
878
654,81
615,11
580,58
865,24
836,55
1115,98
1083,09
817,62
579,21
784,87
925,69
956,5
687,12
602,5
574,31
549,06
1312,03
873,94
643,84
670,2
764,07
671,03
1028,25
949,62
678,09
665,65
1064,29
1230,22
871,97
912,79
785,4
1051,12
914,2
663,22
847,74
958,82
717,22
624,02
458,44
532,08
928,13
672,61
914,07
666,45
556,73
840,27
826,15
649,06
858,81
707,3
871,42
948,65
868,72
1005,76
980,13
798,05
1041,77
962,48
746,16
720,55
483,03
557,02
569,71
652,42
1037,65
1299,2
1007,7
869,62
1032,24
844,77
692,39
934,34
1056,49
874,8
1099,14
808,75
840,21
1191,4
987,51
984,58
883,75
939,59
1066,14
1205,95
856,17
881,26
782,89
960,92
1028,75
656,16
579,27
552,25
724,65
574,55
569,97
812,21
864,79
839,95
729,6
819,79
639,37
651,92
831,9
512,07
585,37
668,66
685,26
732,96
732,14
889,49
876,02
800,01
606,68
602,67
588,84
713,81
740,12
883,85
859,82
1023,96
993,06
1166,1
1610,96
908,85
803,76
807,04
931,78
1050,99
1076,78
1075,42
1166,43
1166,19
846,34
584,6
848,98
733,23
601,39
699,66
686,14
1176,78
860,38
961,3
844,13
1029,46
1295,37
1061,3
1084,92
796,2
875,81
806,23
829,07
912,01
795,94
1035,62
943,03
856,51
1029,2
629,72
565,35
702,97
1129,36
786,9
566,67
554,64
745,06
981,82
964,23
872,85
1292,78
927,95
829,22
841,3
782,25
979,7
1171,48
1180,4
729,59
622,88
534,69
638,47
973,65
770,92
862,09
931,61
1478,61
1243,92
915,37
706,71
810,49
985,51
587,77
592,64
747,03
694,74
1018,14
1203,8
864,77
1263,45
1288,49
1113,71
712,41
441,27
503,95
833,27
850,49
737,07
805,48
991,28
1015,65
903,11
915,45
913,54
819,65
591,89
616,73
884,3
835,17
568,87
710,52
713,77
1021,34
1074,13
1058,62
1006,48
928,11
628,37
682,27
1186,03
1066,99
776,27
867,09
1034,79
903,07
1094,82
1055,86
920,78
623,43
1013,86
1062,72
949,85
961,39
784,28
704,24
589,67
657,86
1253,43
996,49
772,26
496,45
763,99
1249,94
699,62
836,27
1333,33
908,33
866,58
767,95
955,81
1078,51
1213,65
565,72
616,25
708,56
699,53
896,55
773,91
637,42
1093,59
712,64
948,9
785,56
788,61
697,03
970,29
1086,68
971,74
805,39
684,58
756,64
690,92
719,65
987,23
899,17
950,3
876,96
671,37
723,5
773,54
936,26
659,39
621,69
609,9
643,77
745,22
957,8
822,93
875,59
736,58
888,59
767,68
1042,74
858,05
816,56
1216,04
815,04
851,73
975,98
710,43
643,01
601,62
697,21
882,45
880,33
866,51
841,51
924,24
945,43
757,43
701,9
693,55
718,44
963,23
978,76
940,63
908,06
827,89
693,8
727,66
610,69
1030,38
1140,85
846,56
915,01
881,13
697,72
839,11
834,18
742,68
627,38
516,39
705,55
583,92
988,5
771,77
1013,25
968,37
818,37
835,77
844,74
583,74
733,95
751,98
472,1
789,21
976,83
643,09
710,9
725,1
1269,38
1070,22
696,34
908,09
909,47
854,62
1003,51
952,99
1465,3
1125,74
1359,49
1208,01
969,16
1038,99
1158,29
579,04
673,96
727,44
673,24
648,47
538,87
627
937,53
886,07
606,53
532,27
453,33
483,01
482,11
589,68
692,45
807,51
833,81
935,99
1100,83
891,69
823,79
806,03
1008,1
1124,83
1457,41
732,6
553,79
535,72
795,61
534,49
609,59
712,81
567,8
478,35
484,32
789,35
682,19
940,87
1027,18
1272,38
1147,96
832,55
958,58
946,82
1168,77
965,19
854,58
783,04
755,07
812,71
522,93
831,79
1149,11
800,72
577,53
765,45
696,53
1108,53
911,2
912,73
966,63
880,95
911,1
942,2
1260,9
1487,46
1213,82
672,24
1173,44
664,76
1084,74
645,74
622,61
688,85
776,68
848,54
698,22
868,04
510,02
523,33
538,9
742,82
759,67
792,41
967,79
669,38
845,04
625,21
1000,39
794,91
1075,2
919,96
556,65
700,07
830,43
534,06
669,62
514,05
873,84
618,13
702,15
992,99
561,16
1176,74
1295,35
1145,46
737,56
728,6
837,71
756,85
947,2
713,78
570,28
1039,44
786,51
824,42
753,86
915,12
1192,25
1000,25
601,25
768,8
947,52
779,85
967,68
976,86
731,92
957,48
854,97
684,05
916,97
1043,9
1076,85
1146,02
898,83
671,76
637,52
701,5
504,48
917,46
701,15
544,89
739,54
1298,82
797,83
703,92
1143,77
1163,63
632,89
513,74
697,42
580,08
979,3
603,2
667,72
1123,17
922,42
1589,09
1130,93
873,38
913,62
797,94
792,49
1743,08
1242,22
991,01
1258,44
975,84
1307,15
1523,32
1141,67
1007,41
1041,96
560,93
741,1
753,68
1121,88
733,46
808,19
686,64
760,3
1104,11
821,69
604,74
819,15
614,69
726,94
625,11
606,81
678,81
816,73
941,85
1135,22
1240,34
1086,35
1091,58
887,1
883,04
895,85
879,5
821,26
995,11
731,32
786,21
1568,54
1058,42
885,6
931,82
716,75
494,47
739,04
947,4
1108,16
791,82
739,86
784,57
843,63
1050,15
1182,1
1149,35
1631,11
1198,59
1120,18
1360,36
1436,12
1488,16
1115,59
700,66
967,4
876,09
1128,04
770,21
986,89
901,56
1025,87
1135,93
1005,63
752,59
687,36
839,32
751,78
759,55
612,72
438,11
404,67
1402,36
777,14
804,14
1109,45
808,94
1291,53
1155,3
590,18
1038,69
1226,74
925,1
982,73
904,42
1076,9
756,01
808,87
728,53
906
959,89
674,72
831,77
864,42
975,05
648,89
921,33
714,27
832,21
574,02
713,89
923,64
989,44
799,44
637,56
875,88
567,52
799,12
635,86
637,82
765,89
717,09
513,16
613,14
566,5
836,44
713,58
970,02
1010,04
687,01
773,12
1217,42
1185,79
1036,11
927,25
1077,21
1206,85
769,09
640,8
972,29
990,17
811,55
913,61
959,06
1218,78
1298,06
959,47
924,84
843,18
862,5
1061,67
927,26
997,49
946,57
1272,48
922,95
904,38
720,82
848,85
651,1
961,15
1040,88
787,97
598,06
563,46
717,6
831,87
827,5
923,02
964,09
732,14
901,81
870,46
761,32
631,46
486,55
640,58
517,04
592,87
617,76
687,61
583,98
711,79
645,98
798,04
585,04
924,79
654,93
765,8
833,84
638,34
794,21
781,69
658,28
816,37
590,66
898,89
971,05
604,11
699,13
925,62
579,11
727,28
663,77
495,1
1056,84
997,11
877,68
760,24
719,18
707,02
832,49
794,16
981,88
765,06
778,23
1032,21
916,89
625,67
747,07
927,87
912,99
674,93
744,11
644,67
1263,89
1015,68
950,29
1163,08
679,59
882,04
727,47
819,88
662,94
746,82
881,5
737,61
1115,31
1126,43
898,36
813,7
750,69
949,11
1026,98
770,57
524,69
785,25
728,94
524,5
629,88
667,41
925,84
670,66
749,63
656,03
729,06
718,42
609,42
653,72
1064,14
1377,03
1168,82
1343,82
1075,31
906,13
963,71
806,41
895,91
778,91
905,43
1191,93
1123,77
944,7
668,55
649,6
616,61
703,83
650,01
818,52
555,3
769,31
894,54
705,24
799,35
723,74
928,03
752,05
829,01
568,91
783,66
586,69
663,9
845
830,95
641,48
593,13
818,52
1155,57
920,66
761,15
747,01
778,52
857,41
787,63
1188,16
663,83
675,38
646,15
811,19
1152,84
1528,86
841,9
768,93
891,36
743,77
586,27
675,41
967,53
453,98
913,42
1145,05
738,2
675,11
769,68
678,57
676,95
569,64
629,89
833,09
600,88
842,12
777,48
646,34
523,31
609,66
843,55
524,46
1023,41
827,45
839,58
1067,62
1049,43
1159,19
1034,76
945,06
772,11
810,11
1074,32
953,31
631,14
688,45
631,05
476,95
847,03
858,12
570,29
593,94
673,5
707,41
1086,4
1231,27
835,98
623,52
537,75
654,52
503,94
592,57
645,88
579,95
955,08
1248,35
1382,72
861,86
854,87
759,76
843,27
832,93
941,91
1031,75
1079,04
877,05
636,41
627,02
655,31
751,27
967,89
723,2
812,03
898,03
755,8
828,79
901,38
817,26
954,88
707,44
648,55
610,44
514,38
701,01
859,31
745,45
757,48
1057,54
785,38
1112,15
1282,28
815,88
789,64
855,6
967,11
583,98
548,9
568,52
665,54
1045,86
680,98
853,33
716,53
907,47
904,24
832,53
844,54
778,83
1133,68
1564,49
1054,41
1266,65
1235,82
1149,19
791,89
805,42
1008,31
974,52
742,83
731,66
820,07
552,69
939,04
979,89
1396,59
753,49
999,68
1125,76
1094,23
864,92
837,64
678,43
1429,02
936,03
740,83
1040,67
832,22
832,2
676,75
879,71
852,62
656,19
670,04
776,22
820,24
1018,91
693,03
899,89
495,82
407,69
729,58
477,99
514,16
1192,91
818,24
714,27
781,65
736,89
736,39
896,55
1025,54
845,41
989,81
729,82
752,51
795,24
649,5
821,19
860,07
1014,75
649,11
718,81
844,51
680,38
648,03
992,58
831,64
492,39
616,45
1184,22
1205,79
878,31
659,35
898,21
750,47
649,5
563,19
552,58
1079,98
839,15
1014,72
885,19
858,58
1291,27
908,6
1048,01
994,55
1007,57
736,27
714,18
1085,23
939,95
1398,4
1296,27
982,02
935,96
1051,72
863,42
818,1
801,44
713,72
719,44
839,47
950,05
924,28
937,61
1003,21
1290,08
843,81
948,23
833,76
908,01
744,91
976,61
893,75
876,24
1092,27
1288,27
1313,25
1082,69
1207,61
1071,73
984,69
1503,85
954,38
893,33
687,82
878,77
935,88
946,33
924,36
857,16
975,57
492,84
784,84
747,97
847,51
1156,29
911,65
683,35
849,73
933,43
963,05
1158,31
929,02
771,22
1156,96
715,9
1096,02
1083,08
1200,96
1055,47
663,23
1072,13
1087,26
678,73
968,75
811,45
578,86
760,41
1093,03
642,02
1016,82
858,35
980,13
867,61
1083,32
808,55
536,92
521,85
954,79
673,34
615,48
1040,95
1188,82
854,74
857,07
978,09
1164,7
1143,68
1295,01
919,08
939,31
591,76
803,68
956,34
459,14
604,74
814,76
818,81
584,51
499,89
908,91
611,74
619,78
473,52
629,45
966,22
1360,57
753,09
859,9
681,44
1163,58
877,82
534,76
955,87
906,87
672,25
935,67
1113,55
743,07
691,36
742,6
957,03
927,08
959,58
661,15
1090,59
1086,19
459,9
783,97
937,9
1037,83
1477,85
810,42
898,88
944,67
1196,97
864,98
991
733,75
815,21
1809,38
1001,03
974,19
788,11
870,53
860,62
678,3
1082,55
952,32
805,17
802,82
640,16
871,13
650,17
924,14
668,02
766,64
768,8
586,66
589,44
836,69
896,9
705,29
1004,83
706,29
1217,94
1180,15
1213,42
654,25
689,97
740,52
763,37
1064,61
617,19
750,92
643,9
869,5
689,04
781,02
915,61
999,91
980,57
573,81
745,36
1129,42
722,46
919,2
737,46
841,52
638,78
759,32
579,5
1219,53
1133,34
887,95
625,67
732,42
798,44
999,83
1043,63
840,76
1227,96
1014,82
1365,06
893,64
890,4
984,2
965,16
766,24
1187,23
835,1
690,95
646,9
862,81
470,41
872,9
527,72
629,51
608,39
753,56
496,46
663,12
796,9
1059,21
896,93
759,12
986
1242,35
952,48
897,62
653,44
687,39
731,68
652,74
596,28
859,76
1018
736,75
1046,91
679,5
776,74
750,56
847,48
1193,57
919,98
875,68
823,17
1157,61
1048,86
559,09
539,96
834,62
722,06
647,4
837,7
793,5
580,66
638,65
895,88
1126,84
1457,2
1122,51
921,69
706,49
644,18
641,53
999,21
776,19
684,7
1364,29
1036,12
847,66
908,38
903,8
976,35
814,71
940,28
590,14
621,13
635,78
628,97
819,19
726,78
583,81
706,38
943,56
567,26
736,45
922,35
805,18
952,93
961,84
634,71
897,77
707
730,46
645,26
727,86
888,37
643,5
758,03
593,74
850,88
818,26
955,17
1179,13
858,04
960,37
979,21
915,77
832,54
683,61
791,14
951,14
881,7
830,28
938,87
717,42
690,45
529,7
895,57
850,57
1024,57
1226,83
1608,82
1378,74
1015,47
837,71
905,18
676,59
721,84
862,38
836,9
751,56
747,69
781,6
745,58
721,06
686,23
782,3
573,67
677,61
774,94
649,23
656,22
487,7
795,62
741,59
744,14
794,38
1081,05
852,15
1545,57
1220,01
1008,15
1761,85
952,38
721,63
577,11
680,78
522,32
735,97
547,31
802,91
1179,36
1067,36
816,62
1167,19
644,14
929,93
778,81
844,74
1205,31
815,33
840,23
839,88
710,35
575,3
833,53
692,6
788,9
1607,84
720,91
764,52
805,6
808,09
741,28
1042,44
570,01
711,81
589,48
587,86
1251,26
924,93
1166,51
948,35
745,95
855,72
1174,56
662,77
718,11
909,54
1106
956,09
686,1
811,11
669,18
725,93
825,34
737,95
1292,42
926,55
791,87
632,13
669,44
984,88
1285,75
823,68
963,93
751,9
938,04
937,85
820,46
915,34
954,91
797,27
1023,92
1135,68
688,99
863,85
767,85
1083,07
618,18
935,82
691,31
588,54
614,76
662,04
1160,03
848,4
699,2
808,72
741,76
717,67
786,14
754,06
944,21
1286,54
1022,26
751,93
1130,8
834,81
1105,52
1006,13
914,46
1120,36
817,92
665,4
1066,3
964,46
783,49
868,59
925,38
781,93
914,43
1100,18
766,93
845,67
987,81
820,63
765,94
1170,86
668,86
849,79
996,06
1349,06
1311,95
753,52
616,08
1053,58
1060,6
1115,14
704,98
625,82
630,02
690,24
693,4
1000,44
878,67
824,79
1047,79
779,12
900,74
885,83
1524,94
1151,85
1067,76
950,64
1007,98
1066,34
1116,12
907,54
1011,53
1017,34
947,71
1053,7
780,04
933,19
706,85
520,86
825,93
811,92
860,03
1212,38
967,82
890,73
622,93
689,29
697,33
546,68
657,49
867,94
748,36
725,21
1223,28
1214,33
847,68
917,52
977,03
777,66
776,87
822,38
1066,76
811,73
864,87
724,5
935,85
1033,79
882,29
980,07
1290,55
680,68
657,75
714,63
910,54
737,91
777,94
472,98
755,62
732,61
615,12
531,93
1027,66
709,76
937,3
649,49
660,18
833,46
712,75
556,05
703,75
622,84
663,07
795,89
668,08
688,5
593,21
780,65
1394,42
822,34
962,48
1207,06
1017,1
1083,74
905,79
1108,6
589,48
643,07
763,64
1287,84
867,59
707,15
902,84
699,43
694,36
869,36
939,48
712,45
977,17
695,34
652,92
705,21
772,22
1027,81
634,4
592,52
586,28
559,03
650,35
570,63
837,73
629,4
756,91
1194,71
1021,23
758,13
984,88
537,69
818,84
848,22
658,28
820,21
885,5
946,47
2036,81
1249,91
1445,68
1344,25
818,53
1005,94
774,87
790,75
629,95
537,09
538,68
633,32
701,55
626,89
821,41
502,32
624,39
692,34
1269,42
1233,15
874,28
1099,33
876,65
597,82
846,66
835,94
843,66
698,66
762,4
709,75
881
859,3
1137,79
621,73
750,56
762,45
642,1
1061,67
773,18
604,89
593,66
674,22
759,64
907,86
843,07
737,48
615,06
1015,7
754,21
700,01
1372,76
1299,66
1217,36
1721,74
1364,46
1026,77
765,53
917,73
807,78
537,39
677,86
534,89
960,4
780,78
613,39
535,13
1251,73
962,17
1015,56
932,07
965,42
1093,47
685,93
595,94
772,94
731,79
814,43
994,86
942,69
1136,08
946,85
998,34
726,87
866,38
1075,89
756,3
689,71
798,21
660,25
759,09
866,24
697,82
750,83
1150,74
578,75
829,27
959,3
657,86
1216,38
976,65
805,18
802,51
716,31
958,59
608,22
585,7
669,72
510,1
628,52
711,98
508,59
507,26
509,98
1367,95
1471,33
1091,09
1034,62
1016,03
882,07
880,56
619,17
752,07
989,74
1483,17
996,57
966,73
923,84
911,7
806,53
554,56
829,29
736,41
1313,11
1298,9
831,88
1197,31
796,55
865,23
1218,64
690,76
528,26
593,13
1126,06
689,17
794,06
922,15
988,62
1348,09
1106,76
730,54
563,84
1011,34
848,73
1030,89
826,43
1017,41
879,1
983,04
935,2
844,2
687,6
851,18
628,73
739,92
820,25
739,93
864,52
657,79
915,83
649,02
735,76
693,15
737,7
728,11
937,87
749,08
733,69
811,56
1006,48
879,22
618,31
568,9
879,14
623,16
813,6
876,32
924,62
726,19
793,5
889,07
764,11
780
810,38
933,57
777,18
881,65
847,64
709,33
534,64
533,19
652,46
1128,17
577,2
539,72
655,48
757,22
636,86
528,34
652,72
747,83
875,13
1091,46
1093,17
1009,75
1032,86
903,72
909,6
1323,87
961,66
935,65
1540,59
1294,87
795,5
1088,05
596,08
674,44
650,81
1227,77
1366,66
1368,93
940,63
963,19
895,83
835,7
933,85
848,88
854,8
947,02
744,62
806,47
675,27
703,12
732,04
625,02
691,8
972,69
954,65
780,39
1255,24
711,34
719,44
585,85
683,05
945,43
767,36
808,95
839,86
1127,82
1057,8
798,89
658,17
973,8
759,93
542,8
722,16
885,24
899,85
1050,83
947,52
878,54
890,28
945,52
749,54
774,86
990
1083,51
826,27
600,38
828,26
895,84
713,72
1100,24
861,08
763
591,7
668,41
606,92
640,23
444,28
412,15
548,04
779,56
813,41
813,01
828,05
1192,37
923,96
1059,67
748,4
704,19
908,96
983,37
1865,16
985
993,62
687,41
724,27
860,25
859,03
728,33
480,47
669,63
829,76
934,3
667,27
1174,08
1062,01
720,18
899,56
914,28
802,48
846,99
802,67
744,64
631,08
751,78
967,07
1098,47
1326,96
1618,56
1082,89
625,74
661,91
680,2
734,57
905,12
1135,83
714,24
1224,77
1098,59
700,33
490,91
503,06
499,82
392,84
926,26
689,68
603,68
746,26
861,24
781,52
872,59
847,49
820,38
720,88
610,83
1148,95
964,79
980,43
838,11
683,73
1282,04
944,9
740,77
808,84
721,22
604,68
686,18
739,05
618,02
604,86
638,59
591,94
600,84
515,38
454,96
686,31
623,18
687,93
654,96
685,14
734,89
586,36
633,57
1211,21
1516,91
1036,8
1142,65
717,36
745,56
700,32
656,71
496,66
617,6
652,01
610,56
583,04
1159,33
630,04
739,25
530,72
1071,69
1073,16
982,05
898,3
751,33
642,79
747,58
856,85
955,12
795,73
851,18
779,11
820,35
791,66
797,61
1312,95
762,71
788,06
718,99
502,49
682,86
536,06
602,51
824,79
1063,02
1266,04
1622,83
721,27
962,24
899,19
1698,58
1697,69
1270,55
989,09
733,62
860,53
1254,65
1026,98
1033,17
956,96
627,35
816,43
815,73
710,54
830,65
884,26
885,4
709,53
729,8
1465,23
1344,5
756,63
742,52
491,48
627,09
705,92
850,86
1155,71
980,59
1215,96
923,12
1176,63
946,96
1272,6
1096
623,99
586,52
982,29
1091,6
1010,56
640,78
945,29
991,67
840,09
896,22
904,99
739,04
811,08
814,87
1075,8
1084,55
1406,45
2593,46
1502,62
1276,36
991,6
764,8
1498,69
1080,03
943,87
791,03
669,5
862,45
922,78
792,44
969,54
668,45
918,28
783,53
782,68
492,8
649,69
713,31
1001,33
727,42
888,99
641,5
576,57
757,62
842,87
1353,25
869,26
1021,89
814
740,69
728,96
844,21
732,68
1065,21
945,76
720,13
717,47
642,47
576,36
480,3
487,45
1057,34
917,74
1177,67
1337,41
1033,85
957,8
853,87
1183,47
833,15
782,12
1050,44
1335,37
1120,49
763,98
1289,23
1236,1
1355,59
1225,89
1268,05
645,36
511,62
605,56
743,56
660,26
667,41
1005,2
857,48
1301,51
1057,23
1205,98
684,62
939,49
640,85
860,64
993,19
1175,08
1052,22
1018,19
959,78
1169,21
813,23
974,77
688,54
615,65
590,04
608,65
520,15
876,18
886,4
903,17
607,26
715,77
1160,32
1174,03
840,98
774,91
834,75
821,67
662,39
764,54
888,89
1030,82
833,38
764,8
618,88
641,89
731,02
502,14
711,52
787,81
1100,01
773,39
844,07
681,08
702,1
594,42
749,19
763,93
852,92
822,25
691,34
691,14
500,63
630,08
683,56
562,39
598,3
663,16
649,88
811,15
827,16
1018,13
1092,19
1185,59
1525,42
1049,25
957,97
1174,96
534,39
510,45
855,89
1619,66
942,11
1063,36
1028,79
1033,7
766,53
883,43
1148,45
948,59
1123,4
1292,3
585,46
714,92
871,81
892,07
769,99
929,87
993,38
751,47
684,56
895,14
756,57
877,42
804,2
789,1
1156,2
833,12
875,91
967,71
981,09
903,1
564,06
685,77
453,31
447,9
574,01
621,85
885,86
793,13
882,3
718,69
552,56
767,86
889,24
719,38
911,85
1532,19
974,94
851,97
727,83
755,78
740,42
935,75
851,53
965,35
1084,43
1079,91
1225,32
783,34
825,88
816,28
628,58
894,2
517,73
471,85
592,36
577,4
587,65
465,36
610,51
939,98
852,71
911,16
916,82
958,48
749,24
800,19
787,56
818,75
542,67
717,5
778,46
706,03
882,6
709,18
628,67
632,96
1175,74
984,34
771,31
666,81
1225,38
1159,69
997,5
865,02
824,39
901,42
681,18
553,32
516,84
744,67
1413,34
1460,12
939,2
1119,98
1324,31
1098,97
804,51
752,67
870,13
1382,89
1094,08
970,33
867,89
1092,06
914,31
1033,89
1055,37
1107,63
689,28
566,84
787,91
735,79
686,3
880,22
763,78
716,84
877,06
671,85
1132,02
802,99
1061,16
1031,81
593,28
923,66
1039,97
1259,86
955,54
592,87
603,77
679,95
903,57
1024,22
1356,59
1192,86
788,86
669,71
686,45
929,28
609,96
941,09
704,78
693,97
755,92
1613,91
694,77
700,64
722,61
747,64
646,77
829,73
866,38
643,27
850
1158,66
1305,66
842,22
712,35
770,2
767,4
940,91
822,58
872,04
830,58
717,71
652,46
704,11
612,6
804,39
809,14
790,36
892,91
717,1
809,7
792,56
679,22
741,43
637,57
589,85
541,62
764,53
1260,37
1144,84
897,97
825,4
719,26
739,9
553,88
369,35
369,42
431,2
736,64
734,35
832,34
532,31
666,15
521,03
592,57
555,64
637,77
717,04
1285,62
962,78
726,69
1091,19
1144,46
1045,15
1143,58
719,36
1053,51
976,77
896,03
655,88
683,17
581,08
910,18
791,44
527,57
617,58
517,48
623,8
575,58
936,18
1009,62
1203,54
1023,29
993,24
951,74
708,55
991,05
820,91
558,59
616,3
611,9
581,52
768,15
1075,95
986,66
839,48
1100,46
745,72
755,85
711,35
815,93
955,56
996,29
1048,03
1584,74
992,66
881,43
871,57
746,57
919,09
981,61
896,37
1268,98
1080,86
1105,92
1192,55
1025,12
830,7
522,34
1379,56
923,89
531,25
552,27
1134,6
1016,18
1148,84
839,75
815,42
994,47
1622,79
855,29
1238,21
778,92
1041,48
787,84
791,89
660,91
798,11
762,32
763,04
1419,32
773,86
658,81
745,07
924,53
1239,44
953,4
709,28
728,59
682,72
642,51
734,96
679,75
1006,09
976,1
813,84
585,28
820,3
866,21
780,62
727,53
995
727,76
938,75
685,45
843,44
683,08
549
860,63
1014,67
987,9
783,98
857,59
888,12
1126,48
603,51
775,48
669,84
752,87
1006,71
914,29
1023,24
974,7
1047,02
792,44
850,28
569,69
860,14
919,93
1006,27
811,06
909,99
929,78
1027,09
1047,65
962,2
1176,63
688,03
1009,28
801,23
881,82
835,77
601,82
972,49
874,05
967,11
1246,03
1014,27
1211,24
1006,71
694,62
977,86
1148,49
1037,03
634,67
847,31
886,7
801,65
970,54
928,37
701,81
546,13
659,65
736,69
852,23
714,77
757,87
690,56
496,6
539,92
860,54
1017,77
559,38
562,16
696,49
865,61
853,57
794,08
1020,85
782,53
852,89
691,28
834,17
700,67
814,68
660,61
913,8
659,7
600,6
839,48
878,27
1025,72
1049,58
1130,67
1101,76
902,71
882,55
632,13
948,8
1135,66
972,45
846,98
757,1
716,46
691,71
776,97
816,96
1104,22
936,8
905,74
890,04
892,77
1216,95
1275,22
964,77
761,14
866,06
696,05
786,68
1054,01
780,65
1027,12
857,54
631,97
1000,39
1285,68
909,77
977,62
774,62
800,89
851,45
742,72
968,02
813,46
718,84
1490,53
991,88
800,56
1113,52
717,88
691,6
846,81
610,42
666,81
765
739,4
680,39
833,1
1705,98
1005,31
915,93
1148,11
1066,46
867,94
1049,23
1060,63
1287,3
1289,44
1105,05
734,32
882,95
857,37
595,35
709,9
1283,87
966,56
808,13
934,97
757,4
1047,8
611,75
1009,76
723,85
892,45
1059,68
905,09
588,41
547,42
529,09
817,16
819,05
658,21
1043,74
1251,77
913,74
1053,65
1022,59
969,11
1091,24
1103,79
806,07
1585,48
2009,63
1028,86
1076,54
882,79
946,25
965,87
428,91
503,97
767,1
698,68
837,02
768,7
1133
891,53
770,89
602,4
508,89
508,95
1319,48
782,2
590,72
590,88
628,33
1030,79
740,4
679,45
823,17
793,25
946,28
980,38
1189,12
1117,21
726,81
523,28
826,54
910,48
625,8
646,56
515,22
606,46
489,83
705,86
1001,99
774,26
1061,53
1127,91
1234,27
1046,39
811,32
801,12
1042,3
1524,94
865,37
875,81
733,62
655,62
723,4
694,41
700,16
1414,83
716,11
835,59
768,31
783,49
519,98
598,45
526,19
796,12
701,14
996,78
965,41
995,63
867,71
734,81
787,07
953,67
864,83
1010,26
807,08
434,97
490,03
610,82
527,21
771,85
1130,32
681,22
803,21
935,31
762,6
1044,45
982,89
1022,86
698,09
684,97
674,21
880,88
1129,57
1319,11
1132,52
794,29
786,88
770,88
674,04
1112,01
557,33
757,7
552,59
804,7
883,62
628,09
909,48
978,78
1094,22
964,47
726,32
828,7
636,79
975,41
907,14
1153,58
1186,1
663,99
662,62
1016,3
767,94
931,18
654,02
602,91
869,81
804,39
695,7
1193,14
790,63
887,49
1073,67
586,29
735,96
952,12
1192,36
1096,3
782,65
1154,38
655,94
811,33
825,29
703,56
1024,74
791,11
591,5
1166,29
1216,69
1375,91
1517,79
1184,11
825,28
552,26
520,93
597,58
415,89
816,83
737,93
626,31
804,33
1083,12
1717,81
1055,93
1172,53
862,45
911,19
596,95
984,1
1167,01
985,01
1024,37
839,98
930,19
1186,65
1099,27
767,5
750,21
644,42
1000,14
910,26
947,53
945,11
935,93
760,97
765,96
840,65
783,98
753,18
1049,1
660,78
648,27
544,35
873,82
761,29
1129,89
934,73
1252,02
897,52
945,08
1248,65
988,95
715,49
887,81
867,92
947,82
936,1
898,26
872,24
1112,02
833,1
791,79
1054,15
599
792,75
748,53
883,92
1042,47
755,71
661,71
918,83
819,76
1467,29
1215,38
1310,06
1866,69
1112,4
1090,82
1497,43
853,37
791,59
761,72
615,16
809,31
853,9
980,26
618,51
676,15
619,94
800,45
767,46
834,39
1178,8
781,74
753,44
665,99
670,42
525,31
318,03
405,28
898,1
692,39
538,02
1098,43
635,09
943,58
839,77
570,23
703,72
1120,71
993,07
985,78
882,31
918,95
627,21
762,85
1011,92
792,04
800,24
729,41
639,53
782,15
969,52
1049,88
1035,41
1457,79
967,44
896,16
697,7
939,05
1050,47
742,56
977,4
925,59
487,22
752,11
541,96
808,7
682,05
648,42
501,66
537,37
454,83
808,64
623,92
1052,42
945,27
741,3
824,55
918,13
892,38
916,22
717,3
829,41
719,31
642,48
601,39
708,87
826,53
764,29
826,6
827,53
1204,3
1311,43
923,31
723,92
849,75
1301,44
1342,71
1115,35
1589,82
969,79
1240,88
687,84
713,51
670,89
775,83
577,82
767,66
981,78
751,23
540,75
468,63
623,93
1422,53
990,98
1490,38
998,42
778,59
857,97
1403,75
1569,92
1034,16
650,5
598,92
565,96
621,74
591,65
1003,53
892,27
696,29
538,87
638,56
567,6
660,96
557,17
778,59
612,91
628,4
751,83
703,24
784,91
820,28
615,66
762,13
806,03
720,24
889,92
935,49
819,53
789,64
796,62
589,3
824,4
823,01
917,81
798,03
874,47
1052,37
782,61
869,02
846,7
595,57
691,97
734,65
691,68
624,31
676,9
952,07
917,07
615,82
703,48
746,66
865,76
704,72
556,65
697,75
517,32
646,36
665,45
1176,1
946,69
952,03
971,99
687,78
875,96
750,7
871,1
837,14
879,61
1206,81
788,19
555,12
646,39
853,99
761,75
771,98
826,43
630,59
861,02
657,07
899,16
583,19
610,8
846,75
799,36
725,26
1004,15
1219,58
1411,01
1448,03
1021,1
934,63
1225,43
1044,5
963,43
676,82
1204,87
1215,34
1079,89
948,97
645,19
628,47
670,12
557,96
487,61
991,87
691,08
796,13
801,72
1147,02
756,83
756,68
942,24
1052,76
704,48
943,62
1112,32
637,8
635,86
835,41
788,34
800,51
879,15
910,16
1257,07
1021,52
869,96
807,58
671,43
740,9
683,26
1067,18
803,66
827,82
838,01
802,04
782,79
895,96
681,8
860,82
1020,35
681,6
654,46
805,18
968,86
720,79
1144,7
1201,17
900,51
778,31
1331,79
1178,34
941,67
521,57
806,18
766,22
748,18
946,12
770,66
602,97
616,55
720,63
648,79
516,9
945,48
923,87
850,6
870,49
923,55
1034,04
956,66
664,28
844,52
776,15
1476,61
696,15
557,52
622,67
641,37
765,12
919,96
752,18
822,19
753,19
775,86
890,63
1210,28
1011,82
701,74
541,88
441,63
1093,39
816,28
777
685,8
825,63
1265,37
1293,83
1390,65
1262,94
678,34
609,85
947,5
1138,93
1123,49
1012,8
1104,95
864,13
630,74
489,77
535,59
587,94
623,94
619,63
669,79
636,79
658,82
800,5
811,2
635,39
734,6
586,36
716,44
524,77
728,71
618,24
954,52
870,25
1004,16
729,05
953,29
1241,1
1038,61
929,79
814,31
591,11
787,49
576,95
478,1
453,47
932,68
791,69
752,6
711,54
764,58
674,4
763,93
640,65
568,9
837,98
932,96
1056,25
1110,07
1081,03
993,28
1064,03
1012,31
1193,06
922,15
829,07
684,7
935,92
1137,41
863,34
858,8
808,22
856,05
645,69
1013,84
913,78
1070,72
873,92
655,08
611,42
1309,13
998,82
639,56
1291,08
774,91
632,93
468,11
785,28
1152,12
761,65
578,39
847,55
835,16
959,23
788,76
609,8
475,02
457,3
688,61
488,26
696,73
1053,7
664,83
642,99
528,16
759,34
740,79
785,12
1492,73
1190,82
961,27
1029,57
839,78
541,1
677,03
827,95
1211,21
811,11
581,64
735,99
775
634,35
636,09
646,31
971,16
509,45
881,66
878,22
840,7
863,95
702,2
718,89
569,32
530,03
539,28
785,23
928,22
792,15
1093,71
1138,53
986,7
982,14
1382,83
925,74
1174,99
1183,71
1056
759,19
901,26
1352,25
1027,02
2205,64
944
1230,31
989,54
924,32
866,39
885,72
668,98
617,4
624,21
849,5
694,64
1186,26
1332,52
1388,12
932,62
826,06
898,44
961,62
810,68
844,63
1027,68
950,81
1527,25
1267,93
1250,2
841,34
1324,97
892,28
1032,61
1241,03
813,43
1025,46
852,7
956,3
923,92
1163,21
881,38
1150,94
1024,33
543,63
779,48
718,78
962,82
946,78
758,11
545,18
625,53
1086,45
713,96
858,08
731,25
839,29
832,26
802,61
642,17
768,14
782,5
858,81
498,76
669,37
772,97
584,18
1371,15
638,06
634,56
604,33
745,26
707,36
910,95
817,44
1111,72
1005,68
913,58
757,51
602,04
605,76
703,03
514,4
556,34
806,34
1269,93
705,7
875,37
807,54
950,11
863,66
1102,69
630,71
731,48
622,21
808,62
622,04
642,43
624,97
918,63
879,22
842,67
642,99
745,87
522,64
515,62
685,69
1218,43
983,35
988,03
559,82
539,07
619,1
843,17
721,8
480,95
618,81
938,14
919,53
997,14
830,71
759,49
531,49
895,34
1043,32
1127,07
714,53
591,82
768,17
728,13
544,99
745
1029,7
832,99
905,17
833,84
1139,46
729,7
1890,15
801,53
1121,37
735,77
766,61
941,6
905,21
866,36
751,13
670,52
583,27
955,77
676,83
765,04
782,08
860,81
839,65
716,04
845,32
1122,36
803,06
1075,75
660,36
526,29
986,5
1553,29
811,04
593,1
683,18
841,04
827,24
958,59
939,63
747,65
1227,3
1154,48
808,16
1457,6
911,48
553,41
667,62
564,21
868,91
855,63
830,57
874,91
836,62
844,91
774,58
970,63
751,52
683,28
568,94
685,77
513,2
844,82
581,73
954,64
1301,34
785,19
415,25
693,37
829,12
877,04
756,58
868,48
763,75
707,81
1174,44
736,58
1092,29
1139,4
986,78
924,13
1214,63
1022,3
685,44
520,6
854,1
561,92
954,98
814,62
708,69
846,25
692,64
648,51
840,39
700,81
930,71
701,23
910,33
1033,53
1065,43
1006,74
1374,66
721,81
650,12
1056,09
858,98
625,1
934,81
910,68
852,12
941,34
689,66
627,26
995,55
922,61
953,75
690,37
600,58
635,79
1140,43
914,8
626,89
513,35
755,1
766,54
837,78
1035,42
844,74
470,53
845,61
1419,22
924,03
1138,05
1099,35
1016,87
773,85
595,1
624,95
569,86
534,49
721,89
934,01
846,46
803,64
878,42
823,35
1333,45
1495,14
1062,56
725,62
930,55
979,73
939,65
714,23
832,34
627,66
665,59
937,68
618,11
954,94
865,12
659,36
1441,17
941,67
1041,56
774,61
752,81
571,97
536,92
607,15
953,19
881,62
689,25
636,38
1038
800,99
1239,39
957,42
595,42
818,23
1236,86
1052,27
1336
960,22
750,33
763,62
1427,3
1029,18
868,52
973,14
916,51
661,96
684,26
862,58
1349,7
1895,11
1937,98
1259,03
1223,67
1510,68
1598,21
1091,82
958,12
1227,2
942,86
1173,07
1048,23
1365,44
987,22
1039,41
673,84
697,11
687,44
901,46
873,15
730,2
752,78
637,96
984,62
637,49
701,04
707,2
956,22
822,61
920,44
829,29
1071,63
1627,44
1035,3
900,3
1162,58
755,12
1039,92
871,06
1101,53
1251,94
862,23
896,21
935,78
873,24
647,58
718,66
981,73
846,55
1010,16
1283,25
919,58
879,77
511,6
577,43
761,13
964,63
1093,51
1086,49
611,06
763,47
751,68
848,79
779,88
933,93
680,88
605,21
552,82
724,28
1110,34
1174,71
820,09
1016,66
696,71
988,48
1184,5
904,69
852,93
826,74
1285,8
971,95
670,27
812,38
645,15
621,39
651,83
820,96
1093,71
652,09
854,42
751,98
802,74
1024,09
1541,55
833,14
760,75
693,9
968,87
1026,33
891,77
806,9
750,96
760,36
906,22
912,04
792,7
878,88
788,38
722,7
652,57
582,67
558,12
595,26
507,57
620,99
1632,12
885,62
965,09
850,07
715,21
758,32
901,39
886,75
1214,3
1797,7
916,15
799,68
982,76
1019,7
907,7
919,44
707,85
899,3
686,27
895,63
1091,61
733,5
498,9
533,76
794,01
879,54
1164,85
1085,47
784,57
976,19
890,48
697,76
689,93
1193,57
954,06
1059,09
951,73
1354,12
1104,93
644,25
1078,59
1117,6
845,79
882,92
799,44
1065,59
635,7
695,08
793,06
1108,38
901,07
930,13
878,49
940,08
1037,09
1074,91
951,54
1104,54
793,48
720,74
833,43
938,1
842,62
1121,97
1265,85
1538,33
1230,86
1088,49
675,07
883,18
912,97
572,54
714,4
847,54
858,05
989,45
896,14
749,78
497,23
717,1
901,06
715,76
743,02
979,6
884,82
730,68
1035,19
1062,49
845,6
798,74
1031,2
881,95
780,8
834,16
984,23
936,17
1064,13
1026,96
903,7
849,13
711,21
872,51
1278,14
733,98
661,14
658,97
796,2
662,21
563,86
425,43
545,49
656,6
618,84
602,93
693,57
664,43
653,85
552,34
815,71
761,83
771,39
560,97
641,67
829,57
833,66
740,27
873,29
1612,61
880,57
1095,24
1432,41
1089,49
759,18
1101,11
825,53
1288,52
1397,41
1223,87
635,8
634,89
815,15
829,18
845,42
942,3
932,26
730,2
659,89
763,95
770,07
802,62
747,44
632,38
674,45
773,36
1144,76
819,71
598,43
495,66
527,78
764,43
716,53
746,04
685,53
605,33
939,83
1208,12
770,11
1099,03
732,63
784,08
787,56
617,07
986,44
931,69
956,82
975,87
1199,6
958,21
1226,07
946,19
967,31
957,96
878,69
681,32
656,3
726,98
571,19
622,86
657,7
876,27
916,22
508,03
671,02
760,28
1188,29
1807,79
891,15
1248,87
842,39
970,51
917,47
821,16
1011,71
791,01
798,07
864,8
664,06
737,24
629,29
759,7
605,28
613,25
744,84
910,87
861,85
912,49
964,27
714,83
1069,12
968,49
1079,15
688,53
674,01
595,78
864,43
901,25
921,95
1629,29
1140,84
1279,46
1152,19
1032,48
659,32
796,48
942,83
662,43
528,78
648,38
698,41
819,39
1195,53
900,3
999,64
753,72
617,16
623,85
657,38
808,57
658,03
650,26
803,07
846,53
888,14
933,49
923,18
1365,05
1004,42
873,93
704,29
644,75
713,19
1410,39
1228,91
781,31
629,6
707,73
652,92
835,39
1042,9
1151,63
661,32
738,78
828,79
734,32
778,39
619,14
860,8
1071,65
740,4
868,52
674,63
837,57
1320,93
538,31
559,52
820,73
633,35
788,85
843,86
1367,31
981,73
1272,58
1254,28
1240,98
1127,22
943,68
857,74
1030,38
804,37
916,44
934,07
699,57
749,02
587,16
651,92
795,42
813,6
863,63
759,21
710,98
711,19
884,8
811,23
917,86
781,44
539,86
703,61
707,17
888,16
784,89
761,79
743,83
858,75
697,68
859,94
652,94
762,23
945,01
831,94
1016,67
900,12
759,82
754,16
881,65
745,75
596,41
693,82
902,8
906,02
791,91
794,92
711,8
760,66
525,82
632,3
554,69
564,55
1153,58
1002,6
949,52
1007,32
769,47
613,21
772,32
723,78
784,87
683,82
863,76
827,21
851,54
1122,16
940,25
1229,08
875,32
777,77
827,52
1061,92
1129,24
861,19
818,62
1088,81
922,97
614,71
562,8
703,85
541,08
1046,43
1805,68
722,9
895,67
836,88
652,82
677,65
724,7
782,82
776,79
697,59
752,24
741,46
938,69
1236,71
814,49
633,82
1067,4
725,13
910,3
1595,82
1217,37
784,39
725,95
560,18
662,18
752,43
1161,03
805,51
1030,82
924,52
1043,12
1200,48
967,72
798,83
759,27
828,75
1080,55
885,45
781,67
545,51
639,08
536,1
565,61
860,19
828,48
712,87
715,18
883,94
764,03
748,42
691,73
760,24
877,33
701,68
846,99
1221,78
841,44
776,03
756,75
759,21
1334,9
604,7
416,66
927,61
1346,24
1400,04
1183,82
1184,42
1105,76
931,75
915,24
699,89
878,6
837,04
845,41
747,68
1002,06
870,71
682,98
930
773,92
695,52
748,55
548,33
1057,11
834,7
560,42
520,3
497,25
748,2
678,14
768
886,49
1518,98
1365,22
1142,71
1078,1
1001,22
899,91
970,01
1329,89
1178,19
778,3
633,95
427,69
448,05
662,95
564,38
663,75
627,2
846,2
905,54
678,24
865,83
977,15
687,78
751
1022,03
990,71
872,91
736,53
763,76
650
548,79
810,5
914,42
832,56
889,72
999,53
1183,43
723,92
1000,83
882,42
1337,06
1132,04
1123,31
946,17
1411,98
1303,53
685,08
359,88
454,2
415,33
514,57
574,48
571,75
563,24
823,39
733,98
811,77
1024,43
1010,47
1005,25
842,76
733,3
736,92
682,13
901,48
744,14
716,38
1049,78
1031,08
700,45
730,87
633,87
652,02
755,89
558,6
530,83
632,61
666,7
554,94
632,77
438
603,19
734,4
652,56
923,97
620,67
681,68
577,79
558,11
821,1
794,44
1020,1
1011,51
1249,97
771,97
806,58
845,53
811,08
611,71
581,8
531,82
714,92
605,06
931,78
610,49
665,63
670,61
815,35
1083,02
934,42
750,71
712,63
709,5
716,53
768,15
793,79
865,76
1017,81
761,15
869,89
926,34
1333,79
1437,46
693,93
1089,73
1603,71
624,36
737,28
705,59
777,94
909,69
916,74
1035,94
905,46
805,51
766,5
1047,31
1371,78
1225,14
1167,32
1047,86
836,74
805,58
794,84
968,63
1056,72
856,16
754,36
1021,06
1445,14
951,03
662,32
698,91
769,71
815,04
639,47
704,09
625,51
601,13
826,2
777,76
599,44
636,29
648,59
913,89
800,61
851,8
856,67
806,17
1265,6
1090,25
919,79
589,73
736,6
1463,16
1074,79
861,79
808,38
835,41
1047,6
772,41
738,35
915,73
768,28
816,51
763,98
1076,6
907,81
1087,6
1586,49
1464,14
1390,26
1114,07
1064,6
1466,96
1165,03
825,79
769,01
819,25
795,35
949,44
805,64
1222,66
1353,66
1086,1
723,8
861,32
1126,96
911,94
608,82
1029,15
842,79
829
686,48
652,83
963,39
885,1
1645,38
1013,94
806,52
645,86
627,41
693,27
887,32
857,37
1085,97
1057,72
708,89
629,33
594,58
519,28
401,2
878,88
972,83
1097,34
1436,98
1084,32
1055,5
887,17
776,77
803,12
969,89
919,2
889,58
771,5
784,38
791,55
877,14
1002,18
1242,42
1765,77
940,48
842,36
821,09
941,66
1026,91
801,91
1405,9
1362,81
960,97
1008,15
1006,98
924,05
803,82
883,31
795,6
978,31
865,64
923,28
1221,83
890,12
786,9
931,72
833,76
853
721,89
997,81
974,01
681,14
615,14
807,37
868,31
671,84
995,19
904,46
1350,54
827,28
725,2
697,07
677,41
638,84
1000,82
832,63
836,22
1163,15
673,51
998,06
781,17
819,2
619,71
480,5
730,28
900,67
827,9
773,38
807,56
997,85
603,1
791,44
818,45
1117,44
819,11
904,71
938,4
1049,41
733,33
1053,52
914,63
593,47
591,66
716,22
654,7
781,93
625,22
711,18
839,38
886,26
1083,54
734,72
675,24
619,11
567,98
847,24
1378,64
1262,84
1218,33
883,49
973,45
1486,44
1040,03
996,97
1432,55
1049,86
844,81
633,55
639,67
701,39
1146,47
798,96
690,24
881,39
695,75
450,12
417,16
828,81
788,95
737,91
1033,49
756,66
963,65
822,26
680,51
1087,71
880,39
739,39
594,47
684,62
587,32
496,31
743,07
809,91
833,97
891,56
1023,49
768,69
749,76
1115,74
787,77
1032,47
1466,66
1802,83
1030,58
900,48
679,39
1215,16
900,83
886,16
901
897,69
1373,61
948,15
979,97
1104,86
790,58
917,8
703,85
546,07
484,61
592,04
777,49
618,61
563,23
645,6
851,34
950,48
801,92
889,63
872,79
1074,99
1235,5
912,21
902,03
1060,28
641,69
715,68
820,81
1118,02
950,9
472,22
579,39
763,27
717
595,47
585,43
1098,25
1186,02
1143,38
858,47
874,62
995,1
1352,97
697,61
501,95
568,12
1150,8
1129,36
1307,68
991,15
936,68
850,97
1126,58
788,3
797,12
896,55
953,77
1197,14
1008,72
950,71
964,8
1448,77
982,23
1129,61
893,62
862,06
833,64
1281,1
862,6
683,41
783,15
740,53
696,58
737,89
802,97
1187,76
1042,49
1172,71
935,3
610,13
899,64
769,92
724,43
710,19
1035,84
868,19
894,48
1025,68
1063,57
1136,13
1013,68
883,09
976,4
923,48
1020,05
737,78
834,13
724,39
849,87
1046,93
1332,51
779,14
984,91
744,98
794,45
724,34
999,42
1118,03
981,92
855,04
1109,7
1156,93
739,76
823,44
821,82
661,48
673,35
889,2
881,71
779,39
714,29
696,82
832,12
866,29
1178,94
700,03
969,27
745,32
763,17
659,96
857,41
771,97
719,35
981,96
648,66
602,25
832,7
1147,83
1267,1
801,24
652,22
510,67
713,13
559,91
733,04
712,29
656,79
674,06
773,27
1131,25
628,58
633,24
601,42
462,93
587,39
978,11
784,66
1011,98
860,32
750,85
631,73
718,71
903,56
944,39
788,71
840,86
848,06
926,08
862,84
928,56
844,44
1031,21
729,57
548,71
724,43
649,5
566,42
640,57
799,83
704,33
656,99
697,44
741,52
904,51
578,45
745,36
858,51
580,73
756,07
844,87
717,86
887,25
887,59
809,08
1159,94
1475,02
913,52
991,92
990,82
934,12
949,5
1014,81
629,12
711,39
791,86
717,85
604,18
681,85
1045,5
951,1
728,01
1493,3
1307,03
1374,08
1223,99
954,3
740,04
614,43
849,66
751,54
801,97
930,45
962,69
954,88
1179,87
918,19
1019,96
1062,35
1202,08
1256,84
1339,36
890,59
1330,81
819,45
750,14
475,29
687,65
838,59
712,74
941,42
758,82
638,85
938,6
887,06
1017,23
882,87
671,59
764,05
711,68
602,43
674,35
706,67
955,95
801,6
831,89
557,83
823,64
873,68
702,31
717,18
765,68
665,22
807,91
1016,59
1051,84
619,92
802,11
1041,94
1121,79
870,47
700,97
801,8
861,57
948,35
672,92
693,39
719,52
771,25
781,31
779,54
695,72
679,48
754,95
713,34
547,86
637,61
861,06
811,79
1521,18
1026,38
927,72
903,97
877,75
841,01
847,43
933,47
982,48
773,91
703,16
824,67
833,96
696,04
828,91
835,4
860,42
1087,53
987,54
1184,71
894,48
778,74
1205,96
886,39
689,72
610,84
959,19
900,54
787,44
918,65
1016,99
848,94
666,62
694,43
723,64
593,38
579,91
556,58
674,44
863,51
778,72
814,09
888,26
719,16
786,73
1143,46
1028,01
965,67
1350,91
994,87
813,81
1290,71
766,07
918,76
883,17
694,56
606,02
775,25
889,44
785,1
674,53
854,34
1419,18
1022,88
1427,12
1308,33
729,02
512,56
636,6
652,62
963,44
785,12
642,76
905,49
683,99
807,39
859,49
957,06
987,22
936,1
1038,73
735,42
1100,66
1041,77
1052,65
792,18
737,22
846,95
901,74
1292,59
861,25
754,65
751,49
622,94
568,35
790,77
859,34
648,12
901,68
756,26
758,89
950,76
598,48
700,26
457,76
651,53
1003,08
847,11
725,13
831,59
735,25
788,96
760,98
850,91
683,21
740,09
750,23
690,81
735,23
1052,3
919,69
984,71
731,32
787,14
700,43
1011,92
842,49
996,44
866,74
925,66
837,15
725,31
981,36
577,07
1122,79
1465,66
1097,71
1134,98
1225,29
912,89
946,5
670,13
976,41
638,09
685,88
1104,08
800,66
564,21
621,85
585,77
839,22
932,72
817,44
854,36
933,23
928,53
905,09
924,36
1028,91
906,94
937,78
910,64
1493,81
1259,38
1232,37
1006,82
783,76
799,9
771,34
497,65
791,74
787,49
607,19
787,89
674,04
775,07
1063,53
863,02
817,34
858,3
587,21
911,35
702,38
541,49
653,42
744,99
1110,6
829,3
968,18
899,68
875,87
1100,96
836,02
983,65
972,32
626,08
766,12
1333,11
1109,79
557,77
892,83
480,44
517,3
836,74
698,07
705,1
930,09
946,42
1262,28
1672,87
1442,64
1126,12
907,46
769,8
1127,82
590,76
701,16
802,75
912,42
727,47
542,99
536,71
881,32
613,78
724,46
740,5
574,46
725,99
715,37
627,15
804,7
704,15
934,38
728,03
1084,22
891,27
828,25
844,78
1241
917,09
1077,54
600,61
569,85
523,09
579,62
664,43
1024,23
904,45
648,29
633,39
935,76
845,73
1259,48
2177,73
1459,35
1167,08
876,95
848,34
1045,67
1335,39
1324,37
759,52
732,29
918,84
947,52
832,99
1268,69
710,49
953,04
1231,48
803,04
905,03
944,82
814,78
834,09
842,31
972,22
736,39
729,13
880,94
1138,85
732,89
910,65
979,01
704,2
668,16
1381,17
771,64
664,56
733,08
1048,65
921,34
826,98
849,44
1168,73
824,69
686,27
608,72
484,1
670,18
918,07
1140,32
792,5
749,55
738,69
530,34
678,63
862,61
731,53
788,59
615,14
1006,73
1027,44
843,08
1196,43
667,62
1012,07
844,26
524,57
490,87
448,1
454,22
722,61
633,37
747,24
807,04
1112,29
1215,29
657,44
1292,82
1266,82
874,53
645,68
660,78
693,33
643,18
890,45
1299,94
993,78
1072,17
871,95
667,18
679,88
576,24
762,44
1041,01
1057,63
1102,94
992,27
754,2
873,5
654,2
765,27
974,95
709,36
667,7
721,86
433,9
602,88
773,44
798,87
758,9
989,21
922,98
816,55
941,92
881,01
761,23
959,92
801,44
822,39
987,45
804,89
734,82
775,23
633,65
775,86
1073,88
930,99
883
960,36
1082,04
1191,28
843,86
771,7
1035,7
1111,36
1173,05
1102,91
883,15
794,82
781,05
852,68
1128,65
685,55
779,31
896,94
644,25
616,21
1002,46
591,92
1038,36
900,77
676,36
998,26
669,82
1064,9
943,43
992,34
873,5
606,76
620,54
397,79
404,49
668,7
738,24
752,69
741,83
794,64
840,06
856,45
611,07
782,56
1676,43
1581,3
1603,71
1348,32
1058,51
865,1
698,76
940,46
1137,94
644,93
780,21
542,84
584,05
968,04
855,4
1169,95
727,83
761,97
904,19
724,56
744,02
611,14
895,05
1097,07
1292,81
802,92
580,87
1149,67
592,91
667,76
631,89
617,76
617,68
561,16
604,99
807,97
862,83
920,59
922,92
634,36
944,03
943,88
1038,06
897,91
728,49
762,27
568,17
484,78
591,11
652,06
704,08
547,69
629,19
842,16
1139,81
1334,7
1100,56
895,28
878,78
1039,63
1342,57
905,57
1266,17
1088,41
987,18
995,5
826,13
774,97
1042,82
739,23
790,14
908,27
498,26
449,37
527,72
658,46
1370,81
1160,93
1262,3
899,95
660,06
827,24
1063,67
939,71
1021,57
614,57
546,71
659,34
766,54
827,93
927,11
783,96
893,08
658,65
688,35
744,67
615,03
606,66
921,55
480,54
593,61
782,05
600,86
609,95
831,59
649,21
687,83
658,02
602,77
814,43
652,73
653,2
812,63
1009,42
696,31
602,11
609,04
1291,7
947,3
698,09
1054,36
981,83
862,8
667,87
673,84
887,86
664,04
1015,2
689,75
759,65
1059,46
1369,75
697,15
759,03
834,9
726,91
828,73
626,74
657,63
534,45
1080,78
888,66
1161,1
1227,12
1202,24
663,71
784,25
685,93
659,56
935,07
669,63
753,11
709,67
844,65
927,62
970,44
749,93
768,99
743,27
744,71
768,33
729,41
861,33
834,04
717,7
683,54
1039,24
1057,9
831,2
1195,2
1051,09
1630,34
1242,48
1043,36
1155,92
1044,79
906,77
833,38
723,19
1533,95
969,59
1221,56
860,29
581
798,06
656,43
556,13
569,87
778,03
880,29
871,99
771,93
845,16
620,52
626
753,55
697,61
511,35
738,48
928,75
603,41
599,05
1006,66
737,63
722,25
744,62
774,68
1062,91
805,83
826,1
951,88
916,55
925,64
1049,22
1322,26
1044,18
878,8
727,94
726,54
699,61
734,87
645,79
1092,97
985,98
824,56
600,53
1099,1
945,74
677,56
786,81
968,21
939,14
831,91
1257,25
1358,81
936,73
448,79
752,8
784,47
690,91
887,48
675,52
614,63
667,93
1033,54
780,29
714,3
1055,32
1370,95
998,56
878,61
1107,29
1394,38
896,3
799,5
726,23
610,65
765,15
792,3
479,09
736,56
942,1
898,38
1135,18
950,92
907,93
783,22
753,91
839,8
1023,84
935,75
630,37
674,68
544,64
939,25
704,67
729,87
848,78
980,96
1077,11
1505,04
957,01
673,57
553,52
511,39
709,2
774,16
749,46
669,59
784,29
546,83
462,1
657,79
495,72
875,53
912,22
648,85
558,09
583,06
615,89
678,13
903,19
902,04
983,65
875,56
699,14
666,34
786,71
672,21
758,73
697,38
796,2
